PPtype	hydrophobicity	polarity	charge	residue_volume	isoelectric_point	steric_parameter	
A	0.61	8.1	0	52.6	6.00	0.52	
L	1.53	4.9	0	102.0	5.98	0.98	
R	0.60	10.5	1	109.1	10.76	0.68	
K	1.15	11.3	1	105.1	9.74	0.68	
N	0.06	11.6	0	75.7	5.41	0.76	
M	1.18	5.7	0	97.7	5.74	0.78	
D	0.46	13.0	-1	68.4	2.77	0.76	
F	2.02	5.2	0	113.9	5.48	0.70	
C	1.07	5.5	0	68.3	5.05	0.62	
P	1.95	8.0	0	73.6	6.30	0.36	
Q	0	10.5	0	89.7	5.65	0.68	
S	0.05	9.2	0	54.9	5.68	0.53	
E	0.47	12.3	-1	84.7	3.22	0.68	
T	0.05	8.6	0	71.2	5.66	0.50	
G	0.07	9.0	0	36.3	5.97	0.00	
W	2.65	5.4	0	135.4	5.89	0.70	
H	0.61	10.4	0	91.9	7.59	0.70	
Y	1.88	6.2	0	116.2	5.66	0.70	
I	2.22	5.2	0	102.0	6.02	1.02	
V	1.32	5.9	0	85.1	5.96	0.76	
